8 7
87831103 65854898 2779857    44204411    19079948    69410679    87618788    
21145230    46057433    91028222    21139600    71738422    94523119    68042744    
54778025    56455791    37381542    39938846    65988101    48544100    26370707    
23819845    17948839    19801915    60592386    77379668    80566086    9890856    
79375973    89519557    33435287    78827274    57470052    79006461    26468447    
39356777    268254    99534840    69855179    59998856    44225326    46783243    
16722565    20373932    59356985    98603797    25499764    31549350    7421797    
5770474    47592403    29997381    59695202    20261576    55571427    26565722

